#
# 8-3
#

[enemy]
type=units/enemy/8/eight.unit
x=64,96,128,160,288,320,352,384,64,96,128,160,288,320,352,384,64,96,128,160,288,320,352,384,64,96,128,160,288,320,352,384
y=64,64,64,64,64,64,64,64,96,96,96,96,96,96,96,96,160,160,160,160,160,160,160,160,192,192,192,192,192,192,192,192
vec_x=0,0,0,0,0,0,0,0,0,0,0,0,0,0,0,0,0,0,0,0,0,0,0,0,0,0,0,0,0,0,0,0
vec_y=0,0,0,0,0,0,0,0,0,0,0,0,0,0,0,0,0,0,0,0,0,0,0,0,0,0,0,0,0,0,0,0
delay=0,0,0,0,0,0,0,0,0,0,0,0,0,0,0,0,0,0,0,0,0,0,0,0,0,0,0,0,0,0,0,0
face=E,E,E,E,W,W,W,W,E,E,E,E,W,W,W,W,E,E,E,E,W,W,W,W,E,E,E,E,W,W,W,W
[/enemy]
